(kicad_pcb (version 20171130) (host pcbnew 5.0.1-33cea8e~68~ubuntu16.04.1)

  (general
    (thickness 1.6)
    (drawings 10)
    (tracks 647)
    (zones 0)
    (modules 24)
    (nets 54)
  )

  (page A4)
  (title_block
    (date "lun. 30 mars 2015")
  )

  (layers
    (0 F.Cu signal)
    (31 B.Cu signal)
    (32 B.Adhes user)
    (33 F.Adhes user)
    (34 B.Paste user)
    (35 F.Paste user)
    (36 B.SilkS user)
    (37 F.SilkS user)
    (38 B.Mask user)
    (39 F.Mask user)
    (40 Dwgs.User user)
    (41 Cmts.User user)
    (42 Eco1.User user)
    (43 Eco2.User user)
    (44 Edge.Cuts user)
    (45 Margin user)
    (46 B.CrtYd user)
    (47 F.CrtYd user)
    (48 B.Fab user)
    (49 F.Fab user)
  )

  (setup
    (last_trace_width 0.25)
    (trace_clearance 0.2)
    (zone_clearance 0.508)
    (zone_45_only no)
    (trace_min 0.2)
    (segment_width 0.15)
    (edge_width 0.15)
    (via_size 0.6)
    (via_drill 0.4)
    (via_min_size 0.4)
    (via_min_drill 0.3)
    (uvia_size 0.3)
    (uvia_drill 0.1)
    (uvias_allowed no)
    (uvia_min_size 0.2)
    (uvia_min_drill 0.1)
    (pcb_text_width 0.3)
    (pcb_text_size 1.5 1.5)
    (mod_edge_width 0.15)
    (mod_text_size 1 1)
    (mod_text_width 0.15)
    (pad_size 0.875 0.95)
    (pad_drill 0)
    (pad_to_mask_clearance 0)
    (solder_mask_min_width 0.25)
    (aux_axis_origin 110.998 126.365)
    (visible_elements FFFFFF7F)
    (pcbplotparams
      (layerselection 0x00030_80000001)
      (usegerberextensions false)
      (usegerberattributes false)
      (usegerberadvancedattributes false)
      (creategerberjobfile false)
      (excludeedgelayer true)
      (linewidth 0.100000)
      (plotframeref false)
      (viasonmask false)
      (mode 1)
      (useauxorigin false)
      (hpglpennumber 1)
      (hpglpenspeed 20)
      (hpglpendiameter 15.000000)
      (psnegative false)
      (psa4output false)
      (plotreference true)
      (plotvalue true)
      (plotinvisibletext false)
      (padsonsilk false)
      (subtractmaskfromsilk false)
      (outputformat 1)
      (mirror false)
      (drillshape 1)
      (scaleselection 1)
      (outputdirectory ""))
  )

  (net 0 "")
  (net 1 /IOREF)
  (net 2 /Reset)
  (net 3 +5V)
  (net 4 GND)
  (net 5 /Vin)
  (net 6 /A0)
  (net 7 /A1)
  (net 8 /A2)
  (net 9 /A3)
  (net 10 /AREF)
  (net 11 "/A4(SDA)")
  (net 12 "/A5(SCL)")
  (net 13 "Net-(P5-Pad1)")
  (net 14 "Net-(P6-Pad1)")
  (net 15 "Net-(P7-Pad1)")
  (net 16 "Net-(P8-Pad1)")
  (net 17 "Net-(P1-Pad1)")
  (net 18 +3V3)
  (net 19 /OE)
  (net 20 /MC)
  (net 21 /MD)
  (net 22 /KC)
  (net 23 /KD)
  (net 24 "Net-(U1-Pad6)")
  (net 25 "Net-(U1-Pad9)")
  (net 26 /MDH)
  (net 27 /MCH)
  (net 28 /KDH)
  (net 29 /KCH)
  (net 30 "Net-(J1-Pad2)")
  (net 31 "Net-(J1-Pad6)")
  (net 32 "Net-(J2-Pad6)")
  (net 33 "Net-(J2-Pad2)")
  (net 34 "Net-(P3-Pad10)")
  (net 35 "Net-(P4-Pad1)")
  (net 36 "Net-(P4-Pad2)")
  (net 37 "Net-(P4-Pad3)")
  (net 38 "Net-(P4-Pad4)")
  (net 39 "Net-(P3-Pad8)")
  (net 40 "Net-(P3-Pad9)")
  (net 41 "Net-(U2-Pad10)")
  (net 42 "Net-(U2-Pad11)")
  (net 43 "Net-(U2-Pad12)")
  (net 44 "Net-(J3-PadTN)")
  (net 45 "Net-(C3-Pad1)")
  (net 46 SCKI)
  (net 47 LRCK)
  (net 48 BCK)
  (net 49 DOUT)
  (net 50 "Net-(C10-Pad1)")
  (net 51 "Net-(C9-Pad1)")
  (net 52 LIN)
  (net 53 RIN)

  (net_class Default "This is the default net class."
    (clearance 0.2)
    (trace_width 0.25)
    (via_dia 0.6)
    (via_drill 0.4)
    (uvia_dia 0.3)
    (uvia_drill 0.1)
    (add_net +3V3)
    (add_net +5V)
    (add_net /A0)
    (add_net /A1)
    (add_net /A2)
    (add_net /A3)
    (add_net "/A4(SDA)")
    (add_net "/A5(SCL)")
    (add_net /AREF)
    (add_net /IOREF)
    (add_net /KC)
    (add_net /KCH)
    (add_net /KD)
    (add_net /KDH)
    (add_net /MC)
    (add_net /MCH)
    (add_net /MD)
    (add_net /MDH)
    (add_net /OE)
    (add_net /Reset)
    (add_net /Vin)
    (add_net BCK)
    (add_net DOUT)
    (add_net GND)
    (add_net LIN)
    (add_net LRCK)
    (add_net "Net-(C10-Pad1)")
    (add_net "Net-(C3-Pad1)")
    (add_net "Net-(C9-Pad1)")
    (add_net "Net-(J1-Pad2)")
    (add_net "Net-(J1-Pad6)")
    (add_net "Net-(J2-Pad2)")
    (add_net "Net-(J2-Pad6)")
    (add_net "Net-(J3-PadTN)")
    (add_net "Net-(P1-Pad1)")
    (add_net "Net-(P3-Pad10)")
    (add_net "Net-(P3-Pad8)")
    (add_net "Net-(P3-Pad9)")
    (add_net "Net-(P4-Pad1)")
    (add_net "Net-(P4-Pad2)")
    (add_net "Net-(P4-Pad3)")
    (add_net "Net-(P4-Pad4)")
    (add_net "Net-(P5-Pad1)")
    (add_net "Net-(P6-Pad1)")
    (add_net "Net-(P7-Pad1)")
    (add_net "Net-(P8-Pad1)")
    (add_net "Net-(U1-Pad6)")
    (add_net "Net-(U1-Pad9)")
    (add_net "Net-(U2-Pad10)")
    (add_net "Net-(U2-Pad11)")
    (add_net "Net-(U2-Pad12)")
    (add_net RIN)
    (add_net SCKI)
  )

  (module Capacitor_SMD:C_0603_1608Metric (layer F.Cu) (tedit 5B301BBE) (tstamp 5C0D8A79)
    (at 173 84.1525 270)
    (descr "Capacitor SMD 0603 (1608 Metric), square (rectangular) end terminal, IPC_7351 nominal, (Body size source: http://www.tortai-tech.com/upload/download/2011102023233369053.pdf), generated with kicad-footprint-generator")
    (tags capacitor)
    (path /5BF2A32A)
    (attr smd)
    (fp_text reference C3 (at 2.5975 -0.25 270) (layer F.SilkS)
      (effects (font (size 1 1) (thickness 0.15)))
    )
    (fp_text value 0.1μF (at 0 1.43 270) (layer F.Fab)
      (effects (font (size 1 1) (thickness 0.15)))
    )
    (fp_line (start -0.8 0.4) (end -0.8 -0.4) (layer F.Fab) (width 0.1))
    (fp_line (start -0.8 -0.4) (end 0.8 -0.4) (layer F.Fab) (width 0.1))
    (fp_line (start 0.8 -0.4) (end 0.8 0.4) (layer F.Fab) (width 0.1))
    (fp_line (start 0.8 0.4) (end -0.8 0.4) (layer F.Fab) (width 0.1))
    (fp_line (start -0.162779 -0.51) (end 0.162779 -0.51) (layer F.SilkS) (width 0.12))
    (fp_line (start -0.162779 0.51) (end 0.162779 0.51) (layer F.SilkS) (width 0.12))
    (fp_line (start -1.48 0.73) (end -1.48 -0.73) (layer F.CrtYd) (width 0.05))
    (fp_line (start -1.48 -0.73) (end 1.48 -0.73) (layer F.CrtYd) (width 0.05))
    (fp_line (start 1.48 -0.73) (end 1.48 0.73) (layer F.CrtYd) (width 0.05))
    (fp_line (start 1.48 0.73) (end -1.48 0.73) (layer F.CrtYd) (width 0.05))
    (fp_text user %R (at 0 0 270) (layer F.Fab)
      (effects (font (size 0.4 0.4) (thickness 0.06)))
    )
    (pad 1 smd roundrect (at -0.7875 0 270) (size 0.875 0.95) (layers F.Cu F.Paste F.Mask) (roundrect_rratio 0.25)
      (net 45 "Net-(C3-Pad1)"))
    (pad 2 smd roundrect (at 0.7875 0 270) (size 0.875 0.95) (layers F.Cu F.Paste F.Mask) (roundrect_rratio 0.25)
      (net 4 GND))
    (model ${KISYS3DMOD}/Capacitor_SMD.3dshapes/C_0603_1608Metric.wrl
      (at (xyz 0 0 0))
      (scale (xyz 1 1 1))
      (rotate (xyz 0 0 0))
    )
  )

  (module Capacitor_SMD:C_0603_1608Metric (layer F.Cu) (tedit 5B301BBE) (tstamp 5C0D8A68)
    (at 171.2105 81.365)
    (descr "Capacitor SMD 0603 (1608 Metric), square (rectangular) end terminal, IPC_7351 nominal, (Body size source: http://www.tortai-tech.com/upload/download/2011102023233369053.pdf), generated with kicad-footprint-generator")
    (tags capacitor)
    (path /5BEF6535)
    (attr smd)
    (fp_text reference C5 (at 2.5395 0.135) (layer F.SilkS)
      (effects (font (size 1 1) (thickness 0.15)))
    )
    (fp_text value 0.1μF (at 0 1.43) (layer F.Fab)
      (effects (font (size 1 1) (thickness 0.15)))
    )
    (fp_text user %R (at 0 0) (layer F.Fab)
      (effects (font (size 0.4 0.4) (thickness 0.06)))
    )
    (fp_line (start 1.48 0.73) (end -1.48 0.73) (layer F.CrtYd) (width 0.05))
    (fp_line (start 1.48 -0.73) (end 1.48 0.73) (layer F.CrtYd) (width 0.05))
    (fp_line (start -1.48 -0.73) (end 1.48 -0.73) (layer F.CrtYd) (width 0.05))
    (fp_line (start -1.48 0.73) (end -1.48 -0.73) (layer F.CrtYd) (width 0.05))
    (fp_line (start -0.162779 0.51) (end 0.162779 0.51) (layer F.SilkS) (width 0.12))
    (fp_line (start -0.162779 -0.51) (end 0.162779 -0.51) (layer F.SilkS) (width 0.12))
    (fp_line (start 0.8 0.4) (end -0.8 0.4) (layer F.Fab) (width 0.1))
    (fp_line (start 0.8 -0.4) (end 0.8 0.4) (layer F.Fab) (width 0.1))
    (fp_line (start -0.8 -0.4) (end 0.8 -0.4) (layer F.Fab) (width 0.1))
    (fp_line (start -0.8 0.4) (end -0.8 -0.4) (layer F.Fab) (width 0.1))
    (pad 2 smd roundrect (at 0.7875 0) (size 0.875 0.95) (layers F.Cu F.Paste F.Mask) (roundrect_rratio 0.25)
      (net 4 GND))
    (pad 1 smd roundrect (at -0.7875 0) (size 0.875 0.95) (layers F.Cu F.Paste F.Mask) (roundrect_rratio 0.25)
      (net 3 +5V))
    (model ${KISYS3DMOD}/Capacitor_SMD.3dshapes/C_0603_1608Metric.wrl
      (at (xyz 0 0 0))
      (scale (xyz 1 1 1))
      (rotate (xyz 0 0 0))
    )
  )

  (module Capacitor_SMD:C_0603_1608Metric (layer F.Cu) (tedit 5B301BBE) (tstamp 5C0D8A57)
    (at 168.2105 81.365 180)
    (descr "Capacitor SMD 0603 (1608 Metric), square (rectangular) end terminal, IPC_7351 nominal, (Body size source: http://www.tortai-tech.com/upload/download/2011102023233369053.pdf), generated with kicad-footprint-generator")
    (tags capacitor)
    (path /5BF031DD)
    (attr smd)
    (fp_text reference C7 (at 2.8105 0.065 180) (layer F.SilkS)
      (effects (font (size 1 1) (thickness 0.15)))
    )
    (fp_text value 0.1μF (at 0 1.43 180) (layer F.Fab)
      (effects (font (size 1 1) (thickness 0.15)))
    )
    (fp_line (start -0.8 0.4) (end -0.8 -0.4) (layer F.Fab) (width 0.1))
    (fp_line (start -0.8 -0.4) (end 0.8 -0.4) (layer F.Fab) (width 0.1))
    (fp_line (start 0.8 -0.4) (end 0.8 0.4) (layer F.Fab) (width 0.1))
    (fp_line (start 0.8 0.4) (end -0.8 0.4) (layer F.Fab) (width 0.1))
    (fp_line (start -0.162779 -0.51) (end 0.162779 -0.51) (layer F.SilkS) (width 0.12))
    (fp_line (start -0.162779 0.51) (end 0.162779 0.51) (layer F.SilkS) (width 0.12))
    (fp_line (start -1.48 0.73) (end -1.48 -0.73) (layer F.CrtYd) (width 0.05))
    (fp_line (start -1.48 -0.73) (end 1.48 -0.73) (layer F.CrtYd) (width 0.05))
    (fp_line (start 1.48 -0.73) (end 1.48 0.73) (layer F.CrtYd) (width 0.05))
    (fp_line (start 1.48 0.73) (end -1.48 0.73) (layer F.CrtYd) (width 0.05))
    (fp_text user %R (at 0 0 180) (layer F.Fab)
      (effects (font (size 0.4 0.4) (thickness 0.06)))
    )
    (pad 1 smd roundrect (at -0.7875 0 180) (size 0.875 0.95) (layers F.Cu F.Paste F.Mask) (roundrect_rratio 0.25)
      (net 18 +3V3))
    (pad 2 smd roundrect (at 0.7875 0 180) (size 0.875 0.95) (layers F.Cu F.Paste F.Mask) (roundrect_rratio 0.25)
      (net 4 GND))
    (model ${KISYS3DMOD}/Capacitor_SMD.3dshapes/C_0603_1608Metric.wrl
      (at (xyz 0 0 0))
      (scale (xyz 1 1 1))
      (rotate (xyz 0 0 0))
    )
  )

  (module Capacitor_SMD:C_0603_1608Metric (layer F.Cu) (tedit 5B301BBE) (tstamp 5C0D8A46)
    (at 172.998 90.5775 270)
    (descr "Capacitor SMD 0603 (1608 Metric), square (rectangular) end terminal, IPC_7351 nominal, (Body size source: http://www.tortai-tech.com/upload/download/2011102023233369053.pdf), generated with kicad-footprint-generator")
    (tags capacitor)
    (path /5BF323D2)
    (attr smd)
    (fp_text reference C9 (at 2.6725 -0.002 270) (layer F.SilkS)
      (effects (font (size 1 1) (thickness 0.15)))
    )
    (fp_text value 1μF (at 0 1.43 270) (layer F.Fab)
      (effects (font (size 1 1) (thickness 0.15)))
    )
    (fp_text user %R (at 0 0 270) (layer F.Fab)
      (effects (font (size 0.4 0.4) (thickness 0.06)))
    )
    (fp_line (start 1.48 0.73) (end -1.48 0.73) (layer F.CrtYd) (width 0.05))
    (fp_line (start 1.48 -0.73) (end 1.48 0.73) (layer F.CrtYd) (width 0.05))
    (fp_line (start -1.48 -0.73) (end 1.48 -0.73) (layer F.CrtYd) (width 0.05))
    (fp_line (start -1.48 0.73) (end -1.48 -0.73) (layer F.CrtYd) (width 0.05))
    (fp_line (start -0.162779 0.51) (end 0.162779 0.51) (layer F.SilkS) (width 0.12))
    (fp_line (start -0.162779 -0.51) (end 0.162779 -0.51) (layer F.SilkS) (width 0.12))
    (fp_line (start 0.8 0.4) (end -0.8 0.4) (layer F.Fab) (width 0.1))
    (fp_line (start 0.8 -0.4) (end 0.8 0.4) (layer F.Fab) (width 0.1))
    (fp_line (start -0.8 -0.4) (end 0.8 -0.4) (layer F.Fab) (width 0.1))
    (fp_line (start -0.8 0.4) (end -0.8 -0.4) (layer F.Fab) (width 0.1))
    (pad 2 smd roundrect (at 0.7875 0 270) (size 0.875 0.95) (layers F.Cu F.Paste F.Mask) (roundrect_rratio 0.25)
      (net 53 RIN))
    (pad 1 smd roundrect (at -0.7875 0 270) (size 0.875 0.95) (layers F.Cu F.Paste F.Mask) (roundrect_rratio 0.25)
      (net 51 "Net-(C9-Pad1)"))
    (model ${KISYS3DMOD}/Capacitor_SMD.3dshapes/C_0603_1608Metric.wrl
      (at (xyz 0 0 0))
      (scale (xyz 1 1 1))
      (rotate (xyz 0 0 0))
    )
  )

  (module Capacitor_SMD:C_0603_1608Metric (layer F.Cu) (tedit 5B301BBE) (tstamp 5C0D8A35)
    (at 169.443153 91.556847 225)
    (descr "Capacitor SMD 0603 (1608 Metric), square (rectangular) end terminal, IPC_7351 nominal, (Body size source: http://www.tortai-tech.com/upload/download/2011102023233369053.pdf), generated with kicad-footprint-generator")
    (tags capacitor)
    (path /5BF36FBC)
    (attr smd)
    (fp_text reference C10 (at 0 -1.43 225) (layer F.SilkS)
      (effects (font (size 1 1) (thickness 0.15)))
    )
    (fp_text value 1μF (at 0 1.43 225) (layer F.Fab)
      (effects (font (size 1 1) (thickness 0.15)))
    )
    (fp_line (start -0.8 0.4) (end -0.8 -0.4) (layer F.Fab) (width 0.1))
    (fp_line (start -0.8 -0.4) (end 0.8 -0.4) (layer F.Fab) (width 0.1))
    (fp_line (start 0.8 -0.4) (end 0.8 0.4) (layer F.Fab) (width 0.1))
    (fp_line (start 0.8 0.4) (end -0.8 0.4) (layer F.Fab) (width 0.1))
    (fp_line (start -0.162779 -0.51) (end 0.162779 -0.51) (layer F.SilkS) (width 0.12))
    (fp_line (start -0.162779 0.51) (end 0.162779 0.51) (layer F.SilkS) (width 0.12))
    (fp_line (start -1.48 0.73) (end -1.48 -0.73) (layer F.CrtYd) (width 0.05))
    (fp_line (start -1.48 -0.73) (end 1.48 -0.73) (layer F.CrtYd) (width 0.05))
    (fp_line (start 1.48 -0.73) (end 1.48 0.73) (layer F.CrtYd) (width 0.05))
    (fp_line (start 1.48 0.73) (end -1.48 0.73) (layer F.CrtYd) (width 0.05))
    (fp_text user %R (at 0 0 225) (layer F.Fab)
      (effects (font (size 0.4 0.4) (thickness 0.06)))
    )
    (pad 1 smd roundrect (at -0.7875 0 225) (size 0.875 0.95) (layers F.Cu F.Paste F.Mask) (roundrect_rratio 0.25)
      (net 50 "Net-(C10-Pad1)"))
    (pad 2 smd roundrect (at 0.7875 0 225) (size 0.875 0.95) (layers F.Cu F.Paste F.Mask) (roundrect_rratio 0.25)
      (net 52 LIN))
    (model ${KISYS3DMOD}/Capacitor_SMD.3dshapes/C_0603_1608Metric.wrl
      (at (xyz 0 0 0))
      (scale (xyz 1 1 1))
      (rotate (xyz 0 0 0))
    )
  )

  (module Capacitor_SMD:C_0805_2012Metric (layer F.Cu) (tedit 5B36C52B) (tstamp 5C0DA083)
    (at 171.4355 79.365)
    (descr "Capacitor SMD 0805 (2012 Metric), square (rectangular) end terminal, IPC_7351 nominal, (Body size source: https://docs.google.com/spreadsheets/d/1BsfQQcO9C6DZCsRaXUlFlo91Tg2WpOkGARC1WS5S8t0/edit?usp=sharing), generated with kicad-footprint-generator")
    (tags capacitor)
    (path /5BF0A537)
    (attr smd)
    (fp_text reference C6 (at 2.8145 0.135) (layer F.SilkS)
      (effects (font (size 1 1) (thickness 0.15)))
    )
    (fp_text value 10μF (at 0 1.65) (layer F.Fab)
      (effects (font (size 1 1) (thickness 0.15)))
    )
    (fp_line (start -1 0.6) (end -1 -0.6) (layer F.Fab) (width 0.1))
    (fp_line (start -1 -0.6) (end 1 -0.6) (layer F.Fab) (width 0.1))
    (fp_line (start 1 -0.6) (end 1 0.6) (layer F.Fab) (width 0.1))
    (fp_line (start 1 0.6) (end -1 0.6) (layer F.Fab) (width 0.1))
    (fp_line (start -0.258578 -0.71) (end 0.258578 -0.71) (layer F.SilkS) (width 0.12))
    (fp_line (start -0.258578 0.71) (end 0.258578 0.71) (layer F.SilkS) (width 0.12))
    (fp_line (start -1.68 0.95) (end -1.68 -0.95) (layer F.CrtYd) (width 0.05))
    (fp_line (start -1.68 -0.95) (end 1.68 -0.95) (layer F.CrtYd) (width 0.05))
    (fp_line (start 1.68 -0.95) (end 1.68 0.95) (layer F.CrtYd) (width 0.05))
    (fp_line (start 1.68 0.95) (end -1.68 0.95) (layer F.CrtYd) (width 0.05))
    (fp_text user %R (at 0 0) (layer F.Fab)
      (effects (font (size 0.5 0.5) (thickness 0.08)))
    )
    (pad 1 smd roundrect (at -0.9375 0) (size 0.975 1.4) (layers F.Cu F.Paste F.Mask) (roundrect_rratio 0.25)
      (net 3 +5V))
    (pad 2 smd roundrect (at 0.9375 0) (size 0.975 1.4) (layers F.Cu F.Paste F.Mask) (roundrect_rratio 0.25)
      (net 4 GND))
    (model ${KISYS3DMOD}/Capacitor_SMD.3dshapes/C_0805_2012Metric.wrl
      (at (xyz 0 0 0))
      (scale (xyz 1 1 1))
      (rotate (xyz 0 0 0))
    )
  )

  (module Capacitor_SMD:C_0805_2012Metric (layer F.Cu) (tedit 5B36C52B) (tstamp 5C0D89F3)
    (at 168.0605 79.365 180)
    (descr "Capacitor SMD 0805 (2012 Metric), square (rectangular) end terminal, IPC_7351 nominal, (Body size source: https://docs.google.com/spreadsheets/d/1BsfQQcO9C6DZCsRaXUlFlo91Tg2WpOkGARC1WS5S8t0/edit?usp=sharing), generated with kicad-footprint-generator")
    (tags capacitor)
    (path /5BEFCD6F)
    (attr smd)
    (fp_text reference C8 (at 2.6605 -0.035 180) (layer F.SilkS)
      (effects (font (size 1 1) (thickness 0.15)))
    )
    (fp_text value 10μF (at 0 1.65 180) (layer F.Fab)
      (effects (font (size 1 1) (thickness 0.15)))
    )
    (fp_text user %R (at 0 0 180) (layer F.Fab)
      (effects (font (size 0.5 0.5) (thickness 0.08)))
    )
    (fp_line (start 1.68 0.95) (end -1.68 0.95) (layer F.CrtYd) (width 0.05))
    (fp_line (start 1.68 -0.95) (end 1.68 0.95) (layer F.CrtYd) (width 0.05))
    (fp_line (start -1.68 -0.95) (end 1.68 -0.95) (layer F.CrtYd) (width 0.05))
    (fp_line (start -1.68 0.95) (end -1.68 -0.95) (layer F.CrtYd) (width 0.05))
    (fp_line (start -0.258578 0.71) (end 0.258578 0.71) (layer F.SilkS) (width 0.12))
    (fp_line (start -0.258578 -0.71) (end 0.258578 -0.71) (layer F.SilkS) (width 0.12))
    (fp_line (start 1 0.6) (end -1 0.6) (layer F.Fab) (width 0.1))
    (fp_line (start 1 -0.6) (end 1 0.6) (layer F.Fab) (width 0.1))
    (fp_line (start -1 -0.6) (end 1 -0.6) (layer F.Fab) (width 0.1))
    (fp_line (start -1 0.6) (end -1 -0.6) (layer F.Fab) (width 0.1))
    (pad 2 smd roundrect (at 0.9375 0 180) (size 0.975 1.4) (layers F.Cu F.Paste F.Mask) (roundrect_rratio 0.25)
      (net 4 GND))
    (pad 1 smd roundrect (at -0.9375 0 180) (size 0.975 1.4) (layers F.Cu F.Paste F.Mask) (roundrect_rratio 0.25)
      (net 18 +3V3))
    (model ${KISYS3DMOD}/Capacitor_SMD.3dshapes/C_0805_2012Metric.wrl
      (at (xyz 0 0 0))
      (scale (xyz 1 1 1))
      (rotate (xyz 0 0 0))
    )
  )

  (module Capacitor_SMD:C_0805_2012Metric (layer F.Cu) (tedit 5B36C52B) (tstamp 5C0D89E2)
    (at 174.9 84.3375 270)
    (descr "Capacitor SMD 0805 (2012 Metric), square (rectangular) end terminal, IPC_7351 nominal, (Body size source: https://docs.google.com/spreadsheets/d/1BsfQQcO9C6DZCsRaXUlFlo91Tg2WpOkGARC1WS5S8t0/edit?usp=sharing), generated with kicad-footprint-generator")
    (tags capacitor)
    (path /5BF2A331)
    (attr smd)
    (fp_text reference C4 (at 2.9125 -0.1 270) (layer F.SilkS)
      (effects (font (size 1 1) (thickness 0.15)))
    )
    (fp_text value 10μF (at 0 1.65 270) (layer F.Fab)
      (effects (font (size 1 1) (thickness 0.15)))
    )
    (fp_text user %R (at 0 0 270) (layer F.Fab)
      (effects (font (size 0.5 0.5) (thickness 0.08)))
    )
    (fp_line (start 1.68 0.95) (end -1.68 0.95) (layer F.CrtYd) (width 0.05))
    (fp_line (start 1.68 -0.95) (end 1.68 0.95) (layer F.CrtYd) (width 0.05))
    (fp_line (start -1.68 -0.95) (end 1.68 -0.95) (layer F.CrtYd) (width 0.05))
    (fp_line (start -1.68 0.95) (end -1.68 -0.95) (layer F.CrtYd) (width 0.05))
    (fp_line (start -0.258578 0.71) (end 0.258578 0.71) (layer F.SilkS) (width 0.12))
    (fp_line (start -0.258578 -0.71) (end 0.258578 -0.71) (layer F.SilkS) (width 0.12))
    (fp_line (start 1 0.6) (end -1 0.6) (layer F.Fab) (width 0.1))
    (fp_line (start 1 -0.6) (end 1 0.6) (layer F.Fab) (width 0.1))
    (fp_line (start -1 -0.6) (end 1 -0.6) (layer F.Fab) (width 0.1))
    (fp_line (start -1 0.6) (end -1 -0.6) (layer F.Fab) (width 0.1))
    (pad 2 smd roundrect (at 0.9375 0 270) (size 0.975 1.4) (layers F.Cu F.Paste F.Mask) (roundrect_rratio 0.25)
      (net 4 GND))
    (pad 1 smd roundrect (at -0.9375 0 270) (size 0.975 1.4) (layers F.Cu F.Paste F.Mask) (roundrect_rratio 0.25)
      (net 45 "Net-(C3-Pad1)"))
    (model ${KISYS3DMOD}/Capacitor_SMD.3dshapes/C_0805_2012Metric.wrl
      (at (xyz 0 0 0))
      (scale (xyz 1 1 1))
      (rotate (xyz 0 0 0))
    )
  )

  (module gergotron:sj-352x-smt (layer F.Cu) (tedit 5BE650AA) (tstamp 5C0D7F0F)
    (at 179.298 98.565 180)
    (path /5BEEBEA7)
    (fp_text reference J3 (at 9 -4.1 180) (layer F.SilkS)
      (effects (font (size 1 1) (thickness 0.15)))
    )
    (fp_text value AudioJack3_TRS_TN (at 6.3 -6.3 180) (layer F.Fab)
      (effects (font (size 1 1) (thickness 0.15)))
    )
    (fp_line (start 0 -3) (end 14.5 -3) (layer F.SilkS) (width 0.15))
    (fp_line (start 14.5 -3) (end 14.5 3) (layer F.SilkS) (width 0.15))
    (fp_line (start 14.5 3) (end 0 3) (layer F.SilkS) (width 0.15))
    (fp_line (start 0 3) (end 0 -3) (layer F.SilkS) (width 0.15))
    (fp_line (start 0 -2.5) (end -2 -2.5) (layer F.SilkS) (width 0.15))
    (fp_line (start -2.5 -2) (end -2.5 2) (layer F.SilkS) (width 0.15))
    (fp_line (start -2 2.5) (end 0 2.5) (layer F.SilkS) (width 0.15))
    (fp_arc (start -2 -2) (end -2 -2.5) (angle -90) (layer F.SilkS) (width 0.15))
    (fp_arc (start -2 2) (end -2.5 2) (angle -90) (layer F.SilkS) (width 0.15))
    (pad 0 thru_hole circle (at 3.5 0 180) (size 2 2) (drill 1.7) (layers *.Cu *.Mask))
    (pad 0 thru_hole circle (at 10.5 0 180) (size 2 2) (drill 1.7) (layers *.Cu *.Mask))
    (pad S smd rect (at 2.4 3.7 180) (size 2.2 2.8) (layers F.Cu F.Paste F.Mask)
      (net 4 GND))
    (pad T smd rect (at 11.8 3.7 180) (size 2.8 2.8) (layers F.Cu F.Paste F.Mask)
      (net 52 LIN))
    (pad TN smd rect (at 15.8 -0.75 180) (size 2.6 2.8) (layers F.Cu F.Paste F.Mask)
      (net 44 "Net-(J3-PadTN)"))
    (pad R smd rect (at 4.4 -3.7 180) (size 2.2 2.8) (layers F.Cu F.Paste F.Mask)
      (net 53 RIN))
  )

  (module pcm1808:PCM1808PWG4 (layer F.Cu) (tedit 5BED7AE0) (tstamp 5C0D7EFC)
    (at 169.298 86.0456 270)
    (path /5BEEC813)
    (fp_text reference U2 (at -0.5456 0) (layer F.SilkS)
      (effects (font (size 1 1) (thickness 0.15)))
    )
    (fp_text value PCM1808PWG4 (at 0.9544 2.548) (layer F.SilkS)
      (effects (font (size 1 1) (thickness 0.15)))
    )
    (fp_text user "Copyright 2016 Accelerated Designs. All rights reserved." (at 0 0 270) (layer Cmts.User)
      (effects (font (size 0.127 0.127) (thickness 0.002)))
    )
    (fp_text user * (at -3.0734 -3.4486 270) (layer F.SilkS)
      (effects (font (size 1 1) (thickness 0.15)))
    )
    (fp_text user * (at -1.8669 -2.4765 270) (layer F.Fab)
      (effects (font (size 1 1) (thickness 0.15)))
    )
    (fp_line (start -2.2479 -1.7976) (end -2.2479 -2.1024) (layer F.Fab) (width 0.1524))
    (fp_line (start -2.2479 -2.1024) (end -3.302 -2.1024) (layer F.Fab) (width 0.1524))
    (fp_line (start -3.302 -2.1024) (end -3.302 -1.7976) (layer F.Fab) (width 0.1524))
    (fp_line (start -3.302 -1.7976) (end -2.2479 -1.7976) (layer F.Fab) (width 0.1524))
    (fp_line (start -2.2479 -1.1476) (end -2.2479 -1.4524) (layer F.Fab) (width 0.1524))
    (fp_line (start -2.2479 -1.4524) (end -3.302 -1.4524) (layer F.Fab) (width 0.1524))
    (fp_line (start -3.302 -1.4524) (end -3.302 -1.1476) (layer F.Fab) (width 0.1524))
    (fp_line (start -3.302 -1.1476) (end -2.2479 -1.1476) (layer F.Fab) (width 0.1524))
    (fp_line (start -2.2479 -0.4976) (end -2.2479 -0.8024) (layer F.Fab) (width 0.1524))
    (fp_line (start -2.2479 -0.8024) (end -3.302 -0.8024) (layer F.Fab) (width 0.1524))
    (fp_line (start -3.302 -0.8024) (end -3.302 -0.4976) (layer F.Fab) (width 0.1524))
    (fp_line (start -3.302 -0.4976) (end -2.2479 -0.4976) (layer F.Fab) (width 0.1524))
    (fp_line (start -2.2479 0.1524) (end -2.2479 -0.1524) (layer F.Fab) (width 0.1524))
    (fp_line (start -2.2479 -0.1524) (end -3.302 -0.1524) (layer F.Fab) (width 0.1524))
    (fp_line (start -3.302 -0.1524) (end -3.302 0.1524) (layer F.Fab) (width 0.1524))
    (fp_line (start -3.302 0.1524) (end -2.2479 0.1524) (layer F.Fab) (width 0.1524))
    (fp_line (start -2.2479 0.8024) (end -2.2479 0.4976) (layer F.Fab) (width 0.1524))
    (fp_line (start -2.2479 0.4976) (end -3.302 0.4976) (layer F.Fab) (width 0.1524))
    (fp_line (start -3.302 0.4976) (end -3.302 0.8024) (layer F.Fab) (width 0.1524))
    (fp_line (start -3.302 0.8024) (end -2.2479 0.8024) (layer F.Fab) (width 0.1524))
    (fp_line (start -2.2479 1.4524) (end -2.2479 1.1476) (layer F.Fab) (width 0.1524))
    (fp_line (start -2.2479 1.1476) (end -3.302 1.1476) (layer F.Fab) (width 0.1524))
    (fp_line (start -3.302 1.1476) (end -3.302 1.4524) (layer F.Fab) (width 0.1524))
    (fp_line (start -3.302 1.4524) (end -2.2479 1.4524) (layer F.Fab) (width 0.1524))
    (fp_line (start -2.2479 2.1024) (end -2.2479 1.7976) (layer F.Fab) (width 0.1524))
    (fp_line (start -2.2479 1.7976) (end -3.302 1.7976) (layer F.Fab) (width 0.1524))
    (fp_line (start -3.302 1.7976) (end -3.302 2.1024) (layer F.Fab) (width 0.1524))
    (fp_line (start -3.302 2.1024) (end -2.2479 2.1024) (layer F.Fab) (width 0.1524))
    (fp_line (start 2.2479 1.7976) (end 2.2479 2.1024) (layer F.Fab) (width 0.1524))
    (fp_line (start 2.2479 2.1024) (end 3.302 2.1024) (layer F.Fab) (width 0.1524))
    (fp_line (start 3.302 2.1024) (end 3.302 1.7976) (layer F.Fab) (width 0.1524))
    (fp_line (start 3.302 1.7976) (end 2.2479 1.7976) (layer F.Fab) (width 0.1524))
    (fp_line (start 2.2479 1.1476) (end 2.2479 1.4524) (layer F.Fab) (width 0.1524))
    (fp_line (start 2.2479 1.4524) (end 3.302 1.4524) (layer F.Fab) (width 0.1524))
    (fp_line (start 3.302 1.4524) (end 3.302 1.1476) (layer F.Fab) (width 0.1524))
    (fp_line (start 3.302 1.1476) (end 2.2479 1.1476) (layer F.Fab) (width 0.1524))
    (fp_line (start 2.2479 0.4976) (end 2.2479 0.8024) (layer F.Fab) (width 0.1524))
    (fp_line (start 2.2479 0.8024) (end 3.302 0.8024) (layer F.Fab) (width 0.1524))
    (fp_line (start 3.302 0.8024) (end 3.302 0.4976) (layer F.Fab) (width 0.1524))
    (fp_line (start 3.302 0.4976) (end 2.2479 0.4976) (layer F.Fab) (width 0.1524))
    (fp_line (start 2.2479 -0.1524) (end 2.2479 0.1524) (layer F.Fab) (width 0.1524))
    (fp_line (start 2.2479 0.1524) (end 3.302 0.1524) (layer F.Fab) (width 0.1524))
    (fp_line (start 3.302 0.1524) (end 3.302 -0.1524) (layer F.Fab) (width 0.1524))
    (fp_line (start 3.302 -0.1524) (end 2.2479 -0.1524) (layer F.Fab) (width 0.1524))
    (fp_line (start 2.2479 -0.8024) (end 2.2479 -0.4976) (layer F.Fab) (width 0.1524))
    (fp_line (start 2.2479 -0.4976) (end 3.302 -0.4976) (layer F.Fab) (width 0.1524))
    (fp_line (start 3.302 -0.4976) (end 3.302 -0.8024) (layer F.Fab) (width 0.1524))
    (fp_line (start 3.302 -0.8024) (end 2.2479 -0.8024) (layer F.Fab) (width 0.1524))
    (fp_line (start 2.2479 -1.4524) (end 2.2479 -1.1476) (layer F.Fab) (width 0.1524))
    (fp_line (start 2.2479 -1.1476) (end 3.302 -1.1476) (layer F.Fab) (width 0.1524))
    (fp_line (start 3.302 -1.1476) (end 3.302 -1.4524) (layer F.Fab) (width 0.1524))
    (fp_line (start 3.302 -1.4524) (end 2.2479 -1.4524) (layer F.Fab) (width 0.1524))
    (fp_line (start 2.2479 -2.1024) (end 2.2479 -1.7976) (layer F.Fab) (width 0.1524))
    (fp_line (start 2.2479 -1.7976) (end 3.302 -1.7976) (layer F.Fab) (width 0.1524))
    (fp_line (start 3.302 -1.7976) (end 3.302 -2.1024) (layer F.Fab) (width 0.1524))
    (fp_line (start 3.302 -2.1024) (end 2.2479 -2.1024) (layer F.Fab) (width 0.1524))
    (fp_line (start -2.3749 2.6797) (end 2.3749 2.6797) (layer F.SilkS) (width 0.1524))
    (fp_line (start 2.3749 2.6797) (end 2.3749 2.460541) (layer F.SilkS) (width 0.1524))
    (fp_line (start 2.3749 -2.6797) (end -2.3749 -2.6797) (layer F.SilkS) (width 0.1524))
    (fp_line (start -2.3749 -2.6797) (end -2.3749 -2.460541) (layer F.SilkS) (width 0.1524))
    (fp_line (start -2.2479 2.5527) (end 2.2479 2.5527) (layer F.Fab) (width 0.1524))
    (fp_line (start 2.2479 2.5527) (end 2.2479 -2.5527) (layer F.Fab) (width 0.1524))
    (fp_line (start 2.2479 -2.5527) (end -2.2479 -2.5527) (layer F.Fab) (width 0.1524))
    (fp_line (start -2.2479 -2.5527) (end -2.2479 2.5527) (layer F.Fab) (width 0.1524))
    (fp_line (start -2.3749 2.460539) (end -2.3749 2.6797) (layer F.SilkS) (width 0.1524))
    (fp_line (start 2.3749 -2.460539) (end 2.3749 -2.6797) (layer F.SilkS) (width 0.1524))
    (fp_line (start 4.1656 0.459499) (end 4.1656 0.840499) (layer F.SilkS) (width 0.1524))
    (fp_line (start 4.1656 0.840499) (end 3.9116 0.840499) (layer F.SilkS) (width 0.1524))
    (fp_line (start 3.9116 0.840499) (end 3.9116 0.459499) (layer F.SilkS) (width 0.1524))
    (fp_line (start 3.9116 0.459499) (end 4.1656 0.459499) (layer F.SilkS) (width 0.1524))
    (fp_line (start -3.9116 2.3818) (end -3.9116 -2.3818) (layer F.CrtYd) (width 0.1524))
    (fp_line (start -3.9116 -2.3818) (end -2.5019 -2.3818) (layer F.CrtYd) (width 0.1524))
    (fp_line (start -2.5019 -2.3818) (end -2.5019 -2.8067) (layer F.CrtYd) (width 0.1524))
    (fp_line (start -2.5019 -2.8067) (end 2.5019 -2.8067) (layer F.CrtYd) (width 0.1524))
    (fp_line (start 2.5019 -2.8067) (end 2.5019 -2.3818) (layer F.CrtYd) (width 0.1524))
    (fp_line (start 2.5019 -2.3818) (end 3.9116 -2.3818) (layer F.CrtYd) (width 0.1524))
    (fp_line (start 3.9116 -2.3818) (end 3.9116 2.3818) (layer F.CrtYd) (width 0.1524))
    (fp_line (start 3.9116 2.3818) (end 2.5019 2.3818) (layer F.CrtYd) (width 0.1524))
    (fp_line (start 2.5019 2.3818) (end 2.5019 2.8067) (layer F.CrtYd) (width 0.1524))
    (fp_line (start 2.5019 2.8067) (end -2.5019 2.8067) (layer F.CrtYd) (width 0.1524))
    (fp_line (start -2.5019 2.8067) (end -2.5019 2.3818) (layer F.CrtYd) (width 0.1524))
    (fp_line (start -2.5019 2.3818) (end -3.9116 2.3818) (layer F.CrtYd) (width 0.1524))
    (fp_arc (start 0 -2.5527) (end 0.3048 -2.5527) (angle 180) (layer F.Fab) (width 0.1524))
    (pad 1 smd rect (at -2.8194 -1.950001 270) (size 1.6764 0.3556) (layers F.Cu F.Paste F.Mask)
      (net 45 "Net-(C3-Pad1)"))
    (pad 2 smd rect (at -2.8194 -1.3 270) (size 1.6764 0.3556) (layers F.Cu F.Paste F.Mask)
      (net 4 GND))
    (pad 3 smd rect (at -2.8194 -0.649999 270) (size 1.6764 0.3556) (layers F.Cu F.Paste F.Mask)
      (net 3 +5V))
    (pad 4 smd rect (at -2.8194 0 270) (size 1.6764 0.3556) (layers F.Cu F.Paste F.Mask)
      (net 18 +3V3))
    (pad 5 smd rect (at -2.8194 0.649999 270) (size 1.6764 0.3556) (layers F.Cu F.Paste F.Mask)
      (net 4 GND))
    (pad 6 smd rect (at -2.8194 1.3 270) (size 1.6764 0.3556) (layers F.Cu F.Paste F.Mask)
      (net 46 SCKI))
    (pad 7 smd rect (at -2.8194 1.949999 270) (size 1.6764 0.3556) (layers F.Cu F.Paste F.Mask)
      (net 47 LRCK))
    (pad 8 smd rect (at 2.8194 1.950001 270) (size 1.6764 0.3556) (layers F.Cu F.Paste F.Mask)
      (net 48 BCK))
    (pad 9 smd rect (at 2.8194 1.3 270) (size 1.6764 0.3556) (layers F.Cu F.Paste F.Mask)
      (net 49 DOUT))
    (pad 10 smd rect (at 2.8194 0.650001 270) (size 1.6764 0.3556) (layers F.Cu F.Paste F.Mask)
      (net 41 "Net-(U2-Pad10)"))
    (pad 11 smd rect (at 2.8194 0 270) (size 1.6764 0.3556) (layers F.Cu F.Paste F.Mask)
      (net 42 "Net-(U2-Pad11)"))
    (pad 12 smd rect (at 2.8194 -0.649999 270) (size 1.6764 0.3556) (layers F.Cu F.Paste F.Mask)
      (net 43 "Net-(U2-Pad12)"))
    (pad 13 smd rect (at 2.8194 -1.3 270) (size 1.6764 0.3556) (layers F.Cu F.Paste F.Mask)
      (net 50 "Net-(C10-Pad1)"))
    (pad 14 smd rect (at 2.8194 -1.949999 270) (size 1.6764 0.3556) (layers F.Cu F.Paste F.Mask)
      (net 51 "Net-(C9-Pad1)"))
  )

  (module gergotron:kmdgx-6s-bs (layer F.Cu) (tedit 5BE44245) (tstamp 5C035D74)
    (at 110.498 107.115 90)
    (path /5BEDDF7A)
    (fp_text reference J1 (at -4.65 1 90) (layer F.SilkS)
      (effects (font (size 1 1) (thickness 0.15)))
    )
    (fp_text value KMDGX-6S-BS (at 0 2.4 90) (layer F.Fab)
      (effects (font (size 1 1) (thickness 0.15)))
    )
    (fp_line (start -7 0) (end 7 0) (layer F.SilkS) (width 0.15))
    (fp_line (start 7 0) (end 7 12.9) (layer F.SilkS) (width 0.15))
    (fp_line (start 7 12.9) (end -7 12.9) (layer F.SilkS) (width 0.15))
    (fp_line (start -7 12.9) (end -7 0) (layer F.SilkS) (width 0.15))
    (pad 0 thru_hole circle (at 0 4.7 90) (size 3.5 3.5) (drill 2.3) (layers *.Cu *.Mask)
      (net 4 GND))
    (pad 0 thru_hole circle (at -6.75 5.5 90) (size 3.5 3.5) (drill 2.3) (layers *.Cu *.Mask)
      (net 4 GND))
    (pad 0 thru_hole circle (at 6.75 5.5 90) (size 3.5 3.5) (drill 2.3) (layers *.Cu *.Mask)
      (net 4 GND))
    (pad 1 thru_hole circle (at -1.3 8.5 90) (size 1.6 1.6) (drill 1.1) (layers *.Cu *.Mask)
      (net 28 /KDH))
    (pad 2 thru_hole circle (at 1.3 8.5 90) (size 1.6 1.6) (drill 1.1) (layers *.Cu *.Mask)
      (net 30 "Net-(J1-Pad2)"))
    (pad 3 thru_hole circle (at -3.4 8.5 90) (size 1.6 1.6) (drill 1.1) (layers *.Cu *.Mask)
      (net 4 GND))
    (pad 4 thru_hole circle (at 3.4 8.5 90) (size 1.6 1.6) (drill 1.1) (layers *.Cu *.Mask)
      (net 3 +5V))
    (pad 5 thru_hole circle (at -3.4 11 90) (size 1.6 1.6) (drill 1.1) (layers *.Cu *.Mask)
      (net 29 /KCH))
    (pad 6 thru_hole circle (at 3.4 11 90) (size 1.6 1.6) (drill 1.1) (layers *.Cu *.Mask)
      (net 31 "Net-(J1-Pad6)"))
  )

  (module gergotron:kmdgx-6s-bs (layer F.Cu) (tedit 5BE44245) (tstamp 5C035D85)
    (at 110.498 87.615 90)
    (path /5BEDDF93)
    (fp_text reference J2 (at -4.65 1 90) (layer F.SilkS)
      (effects (font (size 1 1) (thickness 0.15)))
    )
    (fp_text value KMDGX-6S-BS (at 0 2.4 90) (layer F.Fab)
      (effects (font (size 1 1) (thickness 0.15)))
    )
    (fp_line (start -7 12.9) (end -7 0) (layer F.SilkS) (width 0.15))
    (fp_line (start 7 12.9) (end -7 12.9) (layer F.SilkS) (width 0.15))
    (fp_line (start 7 0) (end 7 12.9) (layer F.SilkS) (width 0.15))
    (fp_line (start -7 0) (end 7 0) (layer F.SilkS) (width 0.15))
    (pad 6 thru_hole circle (at 3.4 11 90) (size 1.6 1.6) (drill 1.1) (layers *.Cu *.Mask)
      (net 32 "Net-(J2-Pad6)"))
    (pad 5 thru_hole circle (at -3.4 11 90) (size 1.6 1.6) (drill 1.1) (layers *.Cu *.Mask)
      (net 27 /MCH))
    (pad 4 thru_hole circle (at 3.4 8.5 90) (size 1.6 1.6) (drill 1.1) (layers *.Cu *.Mask)
      (net 3 +5V))
    (pad 3 thru_hole circle (at -3.4 8.5 90) (size 1.6 1.6) (drill 1.1) (layers *.Cu *.Mask)
      (net 4 GND))
    (pad 2 thru_hole circle (at 1.3 8.5 90) (size 1.6 1.6) (drill 1.1) (layers *.Cu *.Mask)
      (net 33 "Net-(J2-Pad2)"))
    (pad 1 thru_hole circle (at -1.3 8.5 90) (size 1.6 1.6) (drill 1.1) (layers *.Cu *.Mask)
      (net 26 /MDH))
    (pad 0 thru_hole circle (at 6.75 5.5 90) (size 3.5 3.5) (drill 2.3) (layers *.Cu *.Mask)
      (net 4 GND))
    (pad 0 thru_hole circle (at -6.75 5.5 90) (size 3.5 3.5) (drill 2.3) (layers *.Cu *.Mask)
      (net 4 GND))
    (pad 0 thru_hole circle (at 0 4.7 90) (size 3.5 3.5) (drill 2.3) (layers *.Cu *.Mask)
      (net 4 GND))
  )

  (module Capacitor_SMD:C_0603_1608Metric (layer F.Cu) (tedit 5B301BBE) (tstamp 5BF9B4D3)
    (at 125.7855 93.365)
    (descr "Capacitor SMD 0603 (1608 Metric), square (rectangular) end terminal, IPC_7351 nominal, (Body size source: http://www.tortai-tech.com/upload/download/2011102023233369053.pdf), generated with kicad-footprint-generator")
    (tags capacitor)
    (path /5BEDDFDE)
    (attr smd)
    (fp_text reference C2 (at -0.7875 1.5) (layer F.SilkS)
      (effects (font (size 1 1) (thickness 0.15)))
    )
    (fp_text value 0.1μ (at 0 1.43) (layer F.Fab)
      (effects (font (size 1 1) (thickness 0.15)))
    )
    (fp_text user %R (at 0 0) (layer F.Fab)
      (effects (font (size 0.4 0.4) (thickness 0.06)))
    )
    (fp_line (start 1.48 0.73) (end -1.48 0.73) (layer F.CrtYd) (width 0.05))
    (fp_line (start 1.48 -0.73) (end 1.48 0.73) (layer F.CrtYd) (width 0.05))
    (fp_line (start -1.48 -0.73) (end 1.48 -0.73) (layer F.CrtYd) (width 0.05))
    (fp_line (start -1.48 0.73) (end -1.48 -0.73) (layer F.CrtYd) (width 0.05))
    (fp_line (start -0.162779 0.51) (end 0.162779 0.51) (layer F.SilkS) (width 0.12))
    (fp_line (start -0.162779 -0.51) (end 0.162779 -0.51) (layer F.SilkS) (width 0.12))
    (fp_line (start 0.8 0.4) (end -0.8 0.4) (layer F.Fab) (width 0.1))
    (fp_line (start 0.8 -0.4) (end 0.8 0.4) (layer F.Fab) (width 0.1))
    (fp_line (start -0.8 -0.4) (end 0.8 -0.4) (layer F.Fab) (width 0.1))
    (fp_line (start -0.8 0.4) (end -0.8 -0.4) (layer F.Fab) (width 0.1))
    (pad 2 smd roundrect (at 0.7875 0) (size 0.875 0.95) (layers F.Cu F.Paste F.Mask) (roundrect_rratio 0.25)
      (net 4 GND))
    (pad 1 smd roundrect (at -0.7875 0) (size 0.875 0.95) (layers F.Cu F.Paste F.Mask) (roundrect_rratio 0.25)
      (net 3 +5V))
    (model ${KISYS3DMOD}/Capacitor_SMD.3dshapes/C_0603_1608Metric.wrl
      (at (xyz 0 0 0))
      (scale (xyz 1 1 1))
      (rotate (xyz 0 0 0))
    )
  )

  (module Capacitor_SMD:C_0603_1608Metric (layer F.Cu) (tedit 5B301BBE) (tstamp 5BF9B4C2)
    (at 129.7855 93.365)
    (descr "Capacitor SMD 0603 (1608 Metric), square (rectangular) end terminal, IPC_7351 nominal, (Body size source: http://www.tortai-tech.com/upload/download/2011102023233369053.pdf), generated with kicad-footprint-generator")
    (tags capacitor)
    (path /5BEDDFD5)
    (attr smd)
    (fp_text reference C1 (at 0.7125 1.5) (layer F.SilkS)
      (effects (font (size 1 1) (thickness 0.15)))
    )
    (fp_text value 0.1μ (at 0 1.43) (layer F.Fab)
      (effects (font (size 1 1) (thickness 0.15)))
    )
    (fp_line (start -0.8 0.4) (end -0.8 -0.4) (layer F.Fab) (width 0.1))
    (fp_line (start -0.8 -0.4) (end 0.8 -0.4) (layer F.Fab) (width 0.1))
    (fp_line (start 0.8 -0.4) (end 0.8 0.4) (layer F.Fab) (width 0.1))
    (fp_line (start 0.8 0.4) (end -0.8 0.4) (layer F.Fab) (width 0.1))
    (fp_line (start -0.162779 -0.51) (end 0.162779 -0.51) (layer F.SilkS) (width 0.12))
    (fp_line (start -0.162779 0.51) (end 0.162779 0.51) (layer F.SilkS) (width 0.12))
    (fp_line (start -1.48 0.73) (end -1.48 -0.73) (layer F.CrtYd) (width 0.05))
    (fp_line (start -1.48 -0.73) (end 1.48 -0.73) (layer F.CrtYd) (width 0.05))
    (fp_line (start 1.48 -0.73) (end 1.48 0.73) (layer F.CrtYd) (width 0.05))
    (fp_line (start 1.48 0.73) (end -1.48 0.73) (layer F.CrtYd) (width 0.05))
    (fp_text user %R (at 0 0) (layer F.Fab)
      (effects (font (size 0.4 0.4) (thickness 0.06)))
    )
    (pad 1 smd roundrect (at -0.7875 0) (size 0.875 0.95) (layers F.Cu F.Paste F.Mask) (roundrect_rratio 0.25)
      (net 4 GND))
    (pad 2 smd roundrect (at 0.7875 0) (size 0.875 0.95) (layers F.Cu F.Paste F.Mask) (roundrect_rratio 0.25)
      (net 1 /IOREF))
    (model ${KISYS3DMOD}/Capacitor_SMD.3dshapes/C_0603_1608Metric.wrl
      (at (xyz 0 0 0))
      (scale (xyz 1 1 1))
      (rotate (xyz 0 0 0))
    )
  )

  (module Package_SO:SOIC-14_3.9x8.7mm_P1.27mm (layer F.Cu) (tedit 5A02F2D3) (tstamp 5BF9B4B1)
    (at 127.798 87.635 180)
    (descr "14-Lead Plastic Small Outline (SL) - Narrow, 3.90 mm Body [SOIC] (see Microchip Packaging Specification 00000049BS.pdf)")
    (tags "SOIC 1.27")
    (path /5BEDDFBE)
    (attr smd)
    (fp_text reference U1 (at 0 2.27 180) (layer F.SilkS)
      (effects (font (size 1 1) (thickness 0.15)))
    )
    (fp_text value TXB0104D (at 0 5.375 180) (layer F.Fab)
      (effects (font (size 1 1) (thickness 0.15)))
    )
    (fp_text user %R (at 0 0 180) (layer F.Fab)
      (effects (font (size 0.9 0.9) (thickness 0.135)))
    )
    (fp_line (start -0.95 -4.35) (end 1.95 -4.35) (layer F.Fab) (width 0.15))
    (fp_line (start 1.95 -4.35) (end 1.95 4.35) (layer F.Fab) (width 0.15))
    (fp_line (start 1.95 4.35) (end -1.95 4.35) (layer F.Fab) (width 0.15))
    (fp_line (start -1.95 4.35) (end -1.95 -3.35) (layer F.Fab) (width 0.15))
    (fp_line (start -1.95 -3.35) (end -0.95 -4.35) (layer F.Fab) (width 0.15))
